name: spatialdecon-env
channels:
  - bioconda
  - conda-forge
  - defaults
dependencies:
  - _r-mutex=1.0.1=anacondar_1
  - bioconductor-spatialdecon=1.3.0=r41hdfd78af_0
  - intel-openmp=2024.2.1=h57928b3_1083
  - libblas=3.9.0=25_win64_mkl
  - libhwloc=2.11.1=default_h8125262_1000
  - libiconv=1.17=hcfcfb64_2
  - liblapack=3.9.0=25_win64_mkl
  - libxml2=2.13.5=h442d1da_0
  - libzlib=1.3.1=h2466b09_2
  - m2w64-bwidget=1.9.10=2
  - m2w64-bzip2=1.0.6=6
  - m2w64-expat=2.1.1=2
  - m2w64-fftw=3.3.4=6
  - m2w64-flac=1.3.1=3
  - m2w64-gcc-libgfortran=5.3.0=6
  - m2w64-gcc-libs=5.3.0=7
  - m2w64-gcc-libs-core=5.3.0=7
  - m2w64-gettext=0.19.7=2
  - m2w64-gmp=6.1.0=2
  - m2w64-gsl=2.1=2
  - m2w64-libiconv=1.14=6
  - m2w64-libjpeg-turbo=1.4.2=3
  - m2w64-libogg=1.3.2=3
  - m2w64-libpng=1.6.21=2
  - m2w64-libsndfile=1.0.26=2
  - m2w64-libtiff=4.0.6=2
  - m2w64-libvorbis=1.3.5=2
  - m2w64-libwinpthread-git=5.0.0.4634.697f757=2
  - m2w64-libxml2=2.9.3=3
  - m2w64-mpfr=3.1.4=4
  - m2w64-pcre2=10.34=0
  - m2w64-speex=1.2rc2=3
  - m2w64-speexdsp=1.2rc3=3
  - m2w64-tcl=8.6.5=3
  - m2w64-tk=8.6.5=3
  - m2w64-tktable=2.10=5
  - m2w64-wineditline=2.101=5
  - m2w64-xz=5.2.2=2
  - m2w64-zlib=1.2.8=10
  - mkl=2024.2.2=h66d3029_14
  - msys2-conda-epoch=20160418=1
  - pthreads-win32=2.9.1=h2466b09_4
  - r-base=4.1.3=h22dd5fe_16
  - r-cli=3.6.3=r41he75b88d_0
  - r-crayon=1.5.2=r41hc72bb7e_1
  - r-dplyr=1.1.4=r41ha856d6a_0
  - r-ellipsis=0.3.2=r41h6d2157b_2
  - r-fansi=1.0.6=r41h6d2157b_0
  - r-generics=0.1.3=r41hc72bb7e_1
  - r-glue=1.7.0=r41h6d2157b_0
  - r-lattice=0.22_6=r41h6d2157b_0
  - r-lifecycle=1.0.3=r41hc72bb7e_1
  - r-lognormreg=0.5_0=r41hc72bb7e_1
  - r-magrittr=2.0.3=r41h6d2157b_2
  - r-matrix=1.6_5=r41hb9981e2_0
  - r-pillar=1.9.0=r41hc72bb7e_0
  - r-pkgconfig=2.0.3=r41hc72bb7e_2
  - r-r6=2.5.1=r41hc72bb7e_1
  - r-rlang=1.1.4=r41he75b88d_0
  - r-tibble=3.2.1=r41h6d2157b_2
  - r-tidyselect=1.2.0=r41h6addd8b_1
  - r-utf8=1.2.4=r41h6d2157b_0
  - r-vctrs=0.6.5=r41ha856d6a_0
  - r-withr=2.5.0=r41hc72bb7e_1
  - tbb=2021.13.0=hc790b64_0
  - ucrt=10.0.22621.0=h57928b3_1
  - vc=14.3=ha32ba9b_23
  - vc14_runtime=14.42.34433=he29a5d6_23
