,eneuron,endo,astrocyte,ineuron ,olig,microglia
0,0.39999865769616955,0.1690212000310245,0.0016282291671623462,0.017983992956059028,0.05247390036526708,0.3588940197843175
1,0.1090851646569362,0.07693720263581863,0.10381907499725539,0.4276694700680216,0.03402354587306253,0.24846554176890567
2,0.22126242667327967,0.11184737562279318,0.07134827523662766,0.2123341769629102,0.007522264789248233,0.3756854807151411
3,0.3842864282367323,0.21289441361014136,0.011370320743473097,0.047441050265166186,0.03155852883219405,0.31244925831229303
4,0.19767716146617645,0.15468553623789044,0.1550163134004385,0.17402126316893643,0.0012213853747816371,0.31737834035177653
5,0.3557767130569352,0.18610442130312888,0.11133584300875524,0.10170486027003584,0.0048212071083770566,0.24025695525276777
6,0.11335986435566946,0.18694931117561978,0.10451538528231104,0.41340503713103055,0.004929311642010071,0.17684109041335913
7,0.10462019403748636,0.08374465625273421,0.06663250219784357,0.4752132931523396,0.0009199162516293983,0.2688694381079669
8,0.08637280964537153,0.06902444628495726,0.2536345822625832,0.3868918491116976,0.0019294477988637906,0.2021468648965266
9,0.04854283009945365,0.13198176459739647,0.3352051740767486,0.36786116141039404,0.00041982045805141017,0.11598924935795582
10,0.018448057513186202,0.34786906800412326,0.062390218756772295,0.24506623657591767,0.009004496115891748,0.3172219230341088
11,0.2523621840921363,0.24234098318549643,0.16510311665006328,0.1180103355802628,0.02340340267332979,0.19877997781871143
12,0.0009634085513615015,0.055944024297816905,0.14609022062841967,0.1753375775151242,0.014258155897033215,0.6074066131102445
13,0.0026033083692851206,0.12226136877220059,0.5765639616921326,0.0004204044904731131,0.0004898620798995391,0.29766109459600903
14,0.013430887179719422,0.24154036463068754,0.5669723893750529,0.10804107129800584,0.004455717998884603,0.06555956951764969
15,0.03190495334873435,0.8997633889760496,0.01919431024575415,0.003509316896928069,0.0177314581854726,0.02789657234706121
16,0.2919705634189373,0.21094427333926577,0.03649869819146839,0.06962010182086058,0.03236654047754591,0.35859982275192204
17,0.35396947647986765,0.1816708988086906,0.34054978114171436,0.005483898904947625,0.004466049321270404,0.11385989534350933
18,0.3329243142346737,0.09937641139658655,0.22861078876286403,0.0024977906324951614,0.00061385492034127,0.33597684005303924
19,0.33392387966615744,0.3025861512029394,0.1781341712151538,0.08804988717549853,0.010642248342914915,0.08666366239733593
20,0.20666681913961935,0.13069630068864607,0.4380490233249442,0.002929019144372217,0.0014676744300342432,0.22019116327238394
21,0.2957507787687481,0.2694016894871461,0.19727147223652458,0.0018297744481419356,0.0015502777268063077,0.23419600733263296
22,0.30930760442006433,0.31960395601806946,0.044990833691217286,0.16343948014065282,0.004657154210477104,0.15800097151951897
23,0.36825543166584024,0.20954820651782924,0.1255232255823583,0.014930900314665778,0.0028865168636550134,0.27885571905565143
24,0.25662314707548534,0.40082323887285837,0.11222371800337237,0.11773735836275974,0.011978009876240887,0.10061452780928333
25,0.2641025612047208,0.21603718503985786,0.3575503354821433,0.004387449079761869,0.008189513405895008,0.14973295578762114
26,0.26319592040705825,0.2037129146125827,0.06613195247841315,0.243105008706496,0.008514443652938781,0.21533976014251113
27,0.16628127981821664,0.11647874341026401,0.5880336627697105,0.0013968848085027332,0.0008711680699463437,0.12693826112335982
28,0.3473564459642761,0.23356529864593573,0.06995572732497184,0.014936369721423062,0.006583628048360777,0.32760253029503245
29,0.38130229584370035,0.2942306751608094,0.28935814282375205,0.006558517525132574,0.020821787158177882,0.00772858148842774
30,0.17396154548032056,0.10139233589760115,0.30148773572376864,0.382848838050572,0.0008441334152748022,0.039465411432462884
31,0.19138188651123944,0.2734070882126996,0.4004620439470677,0.001095164963029436,0.0026704925364175224,0.13098332382954636
32,0.17845004414418622,0.0966554601928105,0.12505869866255007,0.10596158492261154,0.38292489099152194,0.11094932108631975
33,0.4412473309261705,0.10178627357368737,0.03445697354797143,0.10117860801099819,0.009785236771510922,0.3115455771696616
34,0.308723808600651,0.1799827669909218,0.02039543104033546,0.4765709711001105,0.0010200322731909262,0.013306989994790292
35,0.18007582618717863,0.17224370436958758,0.5401647539299465,0.04842228615081281,0.004968756162473565,0.054124673200000945
36,0.4132244955959343,0.17188703682482934,0.2976379170768041,0.028271049232030193,0.0021554590094032627,0.0868240422609988
37,0.15505977102052326,0.6306354348711506,0.08822668111227548,0.013711146845171402,0.02364159459422356,0.08872537155665575
38,0.21125670998210422,0.07434466616192233,0.22219404585007826,0.33495928347547,0.049829485978716004,0.10741580855170917
39,0.11139554736831705,0.2611814886391527,0.18990802272731652,0.24126490439732856,0.1531643142241758,0.043085722643709384
40,0.21004527830210717,0.3685086528193674,0.22153858514676134,0.10828426377583752,0.017358865555423625,0.07426435440050293
41,0.16286934397589942,0.07816560738973058,0.051312470484260665,0.6004055809828462,0.06186737197404275,0.045379625193220315
42,0.23199928259693192,0.06727291040286174,0.11429425841951942,0.5640583776554198,0.0008211843919379256,0.021553986533329187
43,0.00726387279200889,0.03894068372096252,0.10889192894029442,0.83362332495518,0.0034703372393285153,0.0078098523522256045
44,0.11899250919347439,0.11539955577914442,0.0720709930471729,0.3516738704486869,0.05746120792149969,0.2844018636100217
45,0.30449711932938006,0.11880371018697734,0.08481962778881853,0.01089931942074897,0.015226933355373722,0.4657532899187014
46,0.20040731660449126,0.22819735455381998,0.4441596309567074,0.012029961455021769,0.07979289247714619,0.035412843952813355
47,0.07764852997731357,0.07188484160191243,0.1417601307992207,0.061465771671001874,0.463129382665593,0.18411134328495843
48,0.28448448377932184,0.23219256662689686,0.20717446878082516,0.004653673645062337,0.009630068811188513,0.2618647383567053
49,0.23107445556659528,0.166481634464512,0.07089630244647559,0.011734667216080517,0.33536453111367853,0.18444840919265806
50,0.08778561130492717,0.15913821759193766,0.14962800842666055,0.31222613881798594,0.20339650039655408,0.08782552346193459
51,0.37586355700986057,0.08150052454352472,0.05745951380631155,0.01842913671325286,0.01754039568349935,0.44920687224355094
52,0.3971827803559979,0.3103876485287608,0.1741198587835008,0.008384529153074118,0.0018985385447350598,0.10802664463393133
53,0.19331659215122846,0.19017491865490052,0.01268852696000486,0.15051941372146493,0.3497137568046177,0.10358679170778355
54,0.2764202847234805,0.27163008842793707,0.07670095403024535,0.2544186595604732,0.009407644997528343,0.11142236826033555
55,0.41102454034082087,0.07015263097757045,0.22607667282291913,0.06511450148584319,0.015551071763499022,0.21208058260934734
56,0.08385229232758079,0.055367589578205735,0.06596146284459851,0.6889668474392621,0.038108714196625516,0.06774309361372734
57,0.40264961881321637,0.18571943862068283,0.1940973402275367,0.0006073859313273398,0.051191196633641585,0.16573501977359523
58,0.38228303593781104,0.17586365673476778,0.021742685650739932,0.040269974961283816,0.22952847258956677,0.15031217412583067
59,0.38946442935234427,0.177559217693662,0.13468753967877659,0.012869884931147803,0.04057055008862097,0.24484837825544833
60,0.043530666409763816,0.07604315083135141,0.16177219061476322,0.0015329182406616912,0.6705231748422289,0.04659789906123098
61,0.03617758573297666,0.09446730616616833,0.09704719856251116,0.003883832833549812,0.7124562697908158,0.05596780691397823
62,0.06318958378923306,0.1648294358951494,0.25969883012510137,0.005083646235874517,0.38240113957233973,0.12479736438230188
63,0.04431845151834044,0.8968348085572014,0.014004104782166155,0.012397451635606837,0.016798268820155653,0.01564691468652945
64,0.2374967695494972,0.18886507065163227,0.3935652159653702,0.0026513557821790344,0.003648471791025906,0.1737731162602954
65,0.0672040403940886,0.17818906447556374,0.17486046226769936,0.003309134824524379,0.41572385994475447,0.16071343809336947
66,0.25667389357252934,0.11946952993163708,0.16020199744085487,0.16475848790832845,0.10481530791443044,0.1940807832322198
67,0.23813814242563133,0.4626133861447518,0.08455607698579769,0.008235922366366222,0.04011675599502662,0.16633971608242637
68,0.32758850335536815,0.1122418624381778,0.0719337742860664,0.2932086000292064,0.012344603736622377,0.18268265615455886
69,0.13200794209234204,0.05493625185223354,0.057216762907074725,0.037395380674849536,0.49929297491640057,0.2191506875570996
70,0.19516607055637836,0.16192005040463966,0.16566153349046334,0.25191041283573545,0.047119335727440585,0.17822259698534262
71,0.21719879051627639,0.2445600902245025,0.06881540092474797,0.33707814232404504,0.009298376206603396,0.1230491998038247
72,0.3563468777238683,0.07647296086804464,0.21329515478277933,0.0007021496474883455,0.003060955895499643,0.3501219010823198
73,0.3178573515607649,0.30814161830829495,0.1394225794857666,0.011618620481077356,0.012097082770679115,0.2108627473934171
74,0.00032694508324465914,0.21110181805857342,0.41945243643650504,0.36564241421090543,0.0005347488085803081,0.0029416374021911744
75,0.0003565105394700993,0.1548362075386817,0.1559712749956755,0.24019618077961796,0.0011303143435974705,0.4475095118029572
76,0.0008485621115772571,0.06975210978797255,0.15622081557697293,0.6525392752611933,0.0011540361593791327,0.11948520110290488
77,0.00033656752807570834,0.3714811236661282,0.020156875725806735,0.4897797762255137,0.0015496115870275002,0.11669604526744816
78,0.0003479154514700695,0.3781455922088153,0.004293941270383401,0.0004018236398003734,0.005654562265004463,0.6111561651645264
79,0.015309719413341697,0.20794788511038226,0.6461593496491,0.021353112670630423,0.012284446806642327,0.09694548634990326
80,0.09892400738921542,0.32593029835591625,0.25289882597198715,0.014840764787650429,0.025825257752222015,0.28158084574300873
81,0.0002047876760174278,0.0009638117754046503,0.0011641561292813497,0.00045185084232774207,0.9968626652474897,0.0003527283294791313
82,0.00014641298956629035,0.035166826416204264,0.002378923892184447,0.00020049386235120888,0.5067627230580705,0.45534461978162327
83,0.0002688728694018548,0.2964441825550651,0.19240445744146767,0.004523785580872703,0.5051646124484525,0.0011940891047402574
84,0.004368168706370679,0.025950778784280766,0.1256214635909375,0.005755318504139305,0.8225050948778042,0.015799175536467553
85,0.0014415622451550629,0.0030016533285210714,0.0020401287538362087,0.0008673587319500449,0.8429731733314739,0.14967612360906368
86,0.003471292705923256,0.9720269066290959,0.007686304803617549,0.0005098066835912147,0.01100373202878896,0.0053019571489831595
87,0.02214741008530244,0.8320926427874872,0.012991198514260997,0.01082998092780257,0.01596844334377793,0.10597032434136887
88,0.0015980484267227887,0.9329049291054773,0.006110681014765933,0.039888376792877656,0.013827556937674712,0.005670407722481658
89,0.0023040262551062077,0.8928499051880314,0.007579109146544735,0.03823123160711342,0.0005807874711797748,0.058454940332024447
90,0.025818143933802485,0.5422745461262953,0.19739841774991596,0.005835848929499892,0.008087675211546965,0.22058536804893944
91,0.0191590752876462,0.2548564722132831,0.011254738049139958,0.008043885758434281,0.025444627603364783,0.6812412010881317
92,0.3822904466553844,0.11206825903863432,0.16996525872586982,0.19394128382948278,0.05325945245720281,0.08847529929342582
93,0.00369212703216581,0.9209253174474674,0.008653261150318375,0.023778106651540395,0.013444539133965747,0.029506648584542227
